8

3
0 1 1.3 2 4.0
1 2 2.1
2 0 1.2

8
0 2 0.26 4 0.38
1 3 0.29 
2 7 0.34 
3 6 0.52
4 7 0.37 5 0.35
5 1 0.32 7 0.28 4 0.35
6 4 0.93 0 0.58 2 0.40
7 3 0.39 5 0.28

8
0 1 5.0 7 8.0 4 9.0
1 3 15.0 2 12.0 7 4.0
2 3 3.0 6 11.0
3 6 9.0
4 7 5.0 5 4.0 6 20.0
5 2 1.0 6 13.0
6 
7 2 7.0 5 6.0

5
0 1 2.6 3 4.2 2 1.1 4 5.6
1 3 3.3 4 2.2
2 3 2.4 1 1.0 4 5.8
3 4 1.1 1 .3.4
4

8
0 2 0.260000 4 0.380000
1 3 0.290000
2 7 0.340000
3 6 0.520000 
4 5 0.350000 7 0.370000
5 4 -0.66000 7 0.280000 1 0.320000
6 2 0.400000 0 0.580000 4 0.930000 
7 5 0.280000 3 0.390000 


5
0 1 1.2 2 -0.1 3 7.8 4 9.4
1 2 2.3 3 6.5 4 3.1
2 3 -0.1 4 0.4 0 1.1
3 4 1.4
4

5
0 3 1.2 
1 3 3.4 4 1.1
2 1 2.0
3 2 2.1 4 0.3
4 2 3.4

5
0 1 1.2 
1 2 3.4 4 1.1
2 3 2.0
3 4 2.1 4 0.3
4 0 -3.4
