11

1
-1.0 2.0 5.0 2.0 1.0 


8
6384729834.22328 2.0 24.0 2.0 0.9
5.5 2.0 22.0 8.5 0.7
9.0 10.0 18.0 8.5 0.8
16.0 2.0 16.0 2.0 0.9
8.5 2.0 15.0 8.5 0.7
4.0 10.0 11.0 8.5 0.8
2.2 2.0 5.0 2.0 0.9
90.5 2.0 1.0 8.5 0.7 

0

1
3 4 5 6 0.8

2
3 4 4 6 0.7
5 5 6 7 0.8

2
3 4 5 6 0.7
4 5 6 7 0.8

3
2.0 2.0 9.0 2.0 0.9
13.5 2.0 4.0 8.5 0.0
17.0 10.0 7.0 8.5 0.8

3
2.0 2.0 9.0 2.0 0.9
13.5 2.0 4.0 8.5 0.7
17.0 10.0 7.0 8.5 0.8

3
2.0 2.0 9.0 2.0 0.9
3.5 2.0 8.0 8.5 0.7
5.0 10.0 7.0 8.5 0.8

10
10.0 7.0 18.5 17.0 0.1
11.0 7.0 19.5 17.0 0.1
12.0 7.0 20.5 17.0 0.1
13.0 7.0 21.5 17.0 0.1
14.0 7.0 22.5 17.0 0.1
15.0 7.0 23.5 17.0 0.1
16.0 7.0 24.5 17.0 0.1
17.0 7.0 25.5 17.0 0.1
18.0 7.0 26.5 17.0 0.1
19.0 7.0 27.5 17.0 0.1


40
1 1 26.5 1 0.57
2 2 27.5 2 0.4
3 3 28.5 3 0.49
4 4 29.5 4 0.43
5 5 30.5 5 0.38
6 6 31.5 6 0.39
7 7 32.5 7 0.83
8 8 33.5 8 0.61
9 9 34.5 9 0.80
10 10 35.5 10 0.66
11 11 36.5 11 0.51
12 12 37.5 12 0.84
13 13 38.5 13 0.29
14 14 39.5 14 0.27
15 15 40.5 15 0.54
16 16 41.5 16 0.82
17 17 42.5 17 0.73
18 18 43.5 18 0.21
19 19 44.5 19 0.54
20 20 45.5 20 0.48
21 21 46.5 21 0.69
22 22 47.5 22 0.5
23 23 48.5 23 0.68
24 24 49.5 24 0.91
25 25 50.5 25 0.16
26 26 51.5 26 0.76
27 27 52.5 27 0.58
28 28 53.5 28 0.25
29 29 54.5 29 0.30
30 30 55.5 30 0.25
31 31 56.5 31 0.87
32 32 57.5 32 0.55
33 33 58.5 33 0.42
34 34 59.5 34 0.34
35 35 60.5 35 0.46
36 36 61.5 36 0.65
37 37 62.5 37 0.86
38 38 63.5 38 0.71
39 39 64.5 39 0.46
40 40 65.5 40 0.49

400
1 1 326.5 1 0.916
2 2 327.5 2 0.880
3 3 328.5 3 0.358
4 4 329.5 4 0.766
5 5 330.5 5 0.384
6 6 331.5 6 0.713
7 7 332.5 7 0.467
8 8 333.5 8 0.994
9 9 334.5 9 0.590
10 10 335.5 10 0.73
11 11 336.5 11 0.681
12 12 337.5 12 0.507
13 13 338.5 13 0.868
14 14 339.5 14 0.132
15 15 340.5 15 0.577
16 16 341.5 16 0.977
17 17 342.5 17 0.204
18 18 343.5 18 0.389
19 19 344.5 19 0.920
20 20 345.5 20 0.877
21 21 346.5 21 0.116
22 22 347.5 22 0.488
23 23 348.5 23 0.351
24 24 349.5 24 0.336
25 25 350.5 25 0.520
26 26 351.5 26 0.677
27 27 352.5 27 0.570
28 28 353.5 28 0.25
29 29 354.5 29 0.334
30 30 355.5 30 0.113
31 31 356.5 31 0.733
32 32 357.5 32 0.987
33 33 358.5 33 0.466
34 34 359.5 34 0.99
35 35 360.5 35 0.918
36 36 361.5 36 0.953
37 37 362.5 37 0.274
38 38 363.5 38 0.28
39 39 364.5 39 0.360
40 40 365.5 40 0.106
41 41 366.5 41 0.448
42 42 367.5 42 0.58
43 43 368.5 43 0.694
44 44 369.5 44 0.494
45 45 370.5 45 0.87
46 46 371.5 46 0.249
47 47 372.5 47 0.217
48 48 373.5 48 0.355
49 49 374.5 49 0.570
50 50 375.5 50 0.787
51 51 376.5 51 0.618
52 52 377.5 52 0.52
53 53 378.5 53 0.194
54 54 379.5 54 0.915
55 55 380.5 55 0.39
56 56 381.5 56 0.464
57 57 382.5 57 0.638
58 58 383.5 58 0.879
59 59 384.5 59 0.616
60 60 385.5 60 0.876
61 61 386.5 61 0.981
62 62 387.5 62 0.390
63 63 388.5 63 0.292
64 64 389.5 64 0.389
65 65 390.5 65 0.994
66 66 391.5 66 0.899
67 67 392.5 67 0.542
68 68 393.5 68 0.635
69 69 394.5 69 0.551
70 70 395.5 70 0.594
71 71 396.5 71 0.989
72 72 397.5 72 0.781
73 73 398.5 73 0.517
74 74 399.5 74 0.374
75 75 400.5 75 0.435
76 76 401.5 76 0.293
77 77 402.5 77 0.549
78 78 403.5 78 0.952
79 79 404.5 79 0.633
80 80 405.5 80 0.193
81 81 406.5 81 0.84
82 82 407.5 82 0.254
83 83 408.5 83 0.897
84 84 409.5 84 0.100
85 85 410.5 85 0.91
86 86 411.5 86 0.44
87 87 412.5 87 0.238
88 88 413.5 88 0.725
89 89 414.5 89 0.407
90 90 415.5 90 0.110
91 91 416.5 91 0.277
92 92 417.5 92 0.95
93 93 418.5 93 0.396
94 94 419.5 94 0.779
95 95 420.5 95 0.706
96 96 421.5 96 0.985
97 97 422.5 97 0.132
98 98 423.5 98 0.306
99 99 424.5 99 0.360
100 100 425.5 100 0.946
101 101 426.5 101 0.838
102 102 427.5 102 0.527
103 103 428.5 103 0.782
104 104 429.5 104 0.464
105 105 430.5 105 0.489
106 106 431.5 106 0.625
107 107 432.5 107 0.640
108 108 433.5 108 0.796
109 109 434.5 109 0.932
110 110 435.5 110 0.794
111 111 436.5 111 0.359
112 112 437.5 112 0.185
113 113 438.5 113 0.158
114 114 439.5 114 0.206
115 115 440.5 115 0.584
116 116 441.5 116 0.401
117 117 442.5 117 0.667
118 118 443.5 118 0.696
119 119 444.5 119 0.728
120 120 445.5 120 0.27
121 121 446.5 121 0.337
122 122 447.5 122 0.395
123 123 448.5 123 0.508
124 124 449.5 124 0.456
125 125 450.5 125 0.299
126 126 451.5 126 0.507
127 127 452.5 127 0.250
128 128 453.5 128 0.122
129 129 454.5 129 0.990
130 130 455.5 130 0.213
131 131 456.5 131 0.331
132 132 457.5 132 0.835
133 133 458.5 133 0.659
134 134 459.5 134 0.470
135 135 460.5 135 0.856
136 136 461.5 136 0.33
137 137 462.5 137 0.682
138 138 463.5 138 0.327
139 139 464.5 139 0.692
140 140 465.5 140 0.819
141 141 466.5 141 0.359
142 142 467.5 142 0.588
143 143 468.5 143 0.769
144 144 469.5 144 0.578
145 145 470.5 145 0.98
146 146 471.5 146 0.567
147 147 472.5 147 0.141
148 148 473.5 148 0.562
149 149 474.5 149 0.564
150 150 475.5 150 0.619
151 151 476.5 151 0.219
152 152 477.5 152 0.859
153 153 478.5 153 0.550
154 154 479.5 154 0.739
155 155 480.5 155 0.364
156 156 481.5 156 0.652
157 157 482.5 157 0.220
158 158 483.5 158 0.77
159 159 484.5 159 0.96
160 160 485.5 160 0.336
161 161 486.5 161 0.54
162 162 487.5 162 0.730
163 163 488.5 163 0.895
164 164 489.5 164 0.566
165 165 490.5 165 0.158
166 166 491.5 166 0.873
167 167 492.5 167 0.710
168 168 493.5 168 0.706
169 169 494.5 169 0.377
170 170 495.5 170 0.550
171 171 496.5 171 0.645
172 172 497.5 172 0.782
173 173 498.5 173 0.206
174 174 499.5 174 0.102
175 175 500.5 175 0.847
176 176 501.5 176 0.725
177 177 502.5 177 0.178
178 178 503.5 178 0.404
179 179 504.5 179 0.868
180 180 505.5 180 0.609
181 181 506.5 181 0.12
182 182 507.5 182 0.167
183 183 508.5 183 0.304
184 184 509.5 184 0.182
185 185 510.5 185 0.50
186 186 511.5 186 0.188
187 187 512.5 187 0.78
188 188 513.5 188 0.674
189 189 514.5 189 0.271
190 190 515.5 190 0.952
191 191 516.5 191 0.124
192 192 517.5 192 0.693
193 193 518.5 193 0.655
194 194 519.5 194 0.296
195 195 520.5 195 0.247
196 196 521.5 196 0.149
197 197 522.5 197 0.949
198 198 523.5 198 0.632
199 199 524.5 199 0.143
200 200 525.5 200 0.25
201 201 526.5 201 0.238
202 202 527.5 202 0.984
203 203 528.5 203 0.543
204 204 529.5 204 0.849
205 205 530.5 205 0.13
206 206 531.5 206 0.212
207 207 532.5 207 0.497
208 208 533.5 208 0.655
209 209 534.5 209 0.125
210 210 535.5 210 0.327
211 211 536.5 211 0.226
212 212 537.5 212 0.219
213 213 538.5 213 0.735
214 214 539.5 214 0.409
215 215 540.5 215 0.310
216 216 541.5 216 0.700
217 217 542.5 217 0.716
218 218 543.5 218 0.945
219 219 544.5 219 0.822
220 220 545.5 220 0.27
221 221 546.5 221 0.946
222 222 547.5 222 0.206
223 223 548.5 223 0.20
224 224 549.5 224 0.815
225 225 550.5 225 0.413
226 226 551.5 226 0.487
227 227 552.5 227 0.529
228 228 553.5 228 0.544
229 229 554.5 229 0.596
230 230 555.5 230 0.220
231 231 556.5 231 0.220
232 232 557.5 232 0.465
233 233 558.5 233 0.387
234 234 559.5 234 0.572
235 235 560.5 235 0.423
236 236 561.5 236 0.337
237 237 562.5 237 0.742
238 238 563.5 238 0.71
239 239 564.5 239 0.239
240 240 565.5 240 0.989
241 241 566.5 241 0.976
242 242 567.5 242 0.816
243 243 568.5 243 0.554
244 244 569.5 244 0.890
245 245 570.5 245 0.190
246 246 571.5 246 0.117
247 247 572.5 247 0.213
248 248 573.5 248 0.427
249 249 574.5 249 0.989
250 250 575.5 250 0.378
251 251 576.5 251 0.615
252 252 577.5 252 0.266
253 253 578.5 253 0.724
254 254 579.5 254 0.144
255 255 580.5 255 0.841
256 256 581.5 256 0.557
257 257 582.5 257 0.462
258 258 583.5 258 0.138
259 259 584.5 259 0.794
260 260 585.5 260 0.547
261 261 586.5 261 0.609
262 262 587.5 262 0.254
263 263 588.5 263 0.846
264 264 589.5 264 0.472
265 265 590.5 265 0.53
266 266 591.5 266 0.723
267 267 592.5 267 0.738
268 268 593.5 268 0.762
269 269 594.5 269 0.914
270 270 595.5 270 0.80
271 271 596.5 271 0.382
272 272 597.5 272 0.924
273 273 598.5 273 0.612
274 274 599.5 274 0.32
275 275 600.5 275 0.254
276 276 601.5 276 0.903
277 277 602.5 277 0.337
278 278 603.5 278 0.487
279 279 604.5 279 0.759
280 280 605.5 280 0.484
281 281 606.5 281 0.359
282 282 607.5 282 0.582
283 283 608.5 283 0.803
284 284 609.5 284 0.451
285 285 610.5 285 0.826
286 286 611.5 286 0.83
287 287 612.5 287 0.171
288 288 613.5 288 0.372
289 289 614.5 289 0.193
290 290 615.5 290 0.22
291 291 616.5 291 0.374
292 292 617.5 292 0.479
293 293 618.5 293 0.317
294 294 619.5 294 0.418
295 295 620.5 295 0.91
296 296 621.5 296 0.79
297 297 622.5 297 0.493
298 298 623.5 298 0.767
299 299 624.5 299 0.323
300 300 625.5 300 0.9
301 301 626.5 301 0.683
302 302 627.5 302 0.260
303 303 628.5 303 0.459
304 304 629.5 304 0.597
305 305 630.5 305 0.201
306 306 631.5 306 0.591
307 307 632.5 307 0.898
308 308 633.5 308 0.43
309 309 634.5 309 0.540
310 310 635.5 310 0.911
311 311 636.5 311 0.358
312 312 637.5 312 0.437
313 313 638.5 313 0.903
314 314 639.5 314 0.461
315 315 640.5 315 0.721
316 316 641.5 316 0.946
317 317 642.5 317 0.844
318 318 643.5 318 0.535
319 319 644.5 319 0.500
320 320 645.5 320 0.608
321 321 646.5 321 0.579
322 322 647.5 322 0.102
323 323 648.5 323 0.5
324 324 649.5 324 0.172
325 325 650.5 325 0.168
326 326 651.5 326 0.635
327 327 652.5 327 0.941
328 328 653.5 328 0.595
329 329 654.5 329 0.271
330 330 655.5 330 0.553
331 331 656.5 331 0.346
332 332 657.5 332 0.637
333 333 658.5 333 0.915
334 334 659.5 334 0.33
335 335 660.5 335 0.527
336 336 661.5 336 0.669
337 337 662.5 337 0.649
338 338 663.5 338 0.998
339 339 664.5 339 0.970
340 340 665.5 340 0.847
341 341 666.5 341 0.668
342 342 667.5 342 0.388
343 343 668.5 343 0.497
344 344 669.5 344 0.239
345 345 670.5 345 0.948
346 346 671.5 346 0.14
347 347 672.5 347 0.705
348 348 673.5 348 0.270
349 349 674.5 349 0.514
350 350 675.5 350 0.551
351 351 676.5 351 0.320
352 352 677.5 352 0.786
353 353 678.5 353 0.202
354 354 679.5 354 0.57
355 355 680.5 355 0.753
356 356 681.5 356 0.570
357 357 682.5 357 0.569
358 358 683.5 358 0.443
359 359 684.5 359 0.190
360 360 685.5 360 0.62
361 361 686.5 361 0.845
362 362 687.5 362 0.744
363 363 688.5 363 0.386
364 364 689.5 364 0.361
365 365 690.5 365 0.237
366 366 691.5 366 0.307
367 367 692.5 367 0.911
368 368 693.5 368 0.293
369 369 694.5 369 0.277
370 370 695.5 370 0.620
371 371 696.5 371 0.368
372 372 697.5 372 0.296
373 373 698.5 373 0.579
374 374 699.5 374 0.444
375 375 700.5 375 0.168
376 376 701.5 376 0.718
377 377 702.5 377 0.690
378 378 703.5 378 0.143
379 379 704.5 379 0.818
380 380 705.5 380 0.710
381 381 706.5 381 0.292
382 382 707.5 382 0.312
383 383 708.5 383 0.293
384 384 709.5 384 0.296
385 385 710.5 385 0.438
386 386 711.5 386 0.951
387 387 712.5 387 0.292
388 388 713.5 388 0.477
389 389 714.5 389 0.378
390 390 715.5 390 0.796
391 391 716.5 391 0.274
392 392 717.5 392 0.130
393 393 718.5 393 0.846
394 394 719.5 394 0.148
395 395 720.5 395 0.231
396 396 721.5 396 0.969
397 397 722.5 397 0.456
398 398 723.5 398 0.503
399 399 724.5 399 0.668
400 400 725.5 400 0.164
