0 
0
0 
3 
1235
0
12 
 12 
2                 
222222222222222222222222
999999999999999999999999999999999999999999999999999999999999999999999999999
999999999999999999999999999999999999999999999999999999999999999999999999999
30544
19174
29073
32579
13756
19784
26784
5744
18339
8300
19462
11805
5369
1442
2294
577
4698
25535
9315
32164
99999999999999999999999999999999999999999999999999999999999999999999999999999999999999999999999999999999999999999999999999999999999999999999999999999999999999999999999999999999999999999999999999999999999999999999999999999999999999999999999999999999999
99999999999999999999999999999999999999999999999999999999999999999999999999999999999999999999999999999999999999999999999999999999999999999999999999999999999999999999999999999999999999999999999999999999999999999999999999999999999999999999999999999999999
