8
100 4
3 8 6 4
2 5 10
4 1 3 3 7
4 50 14 23 8
100 4
3 8 6 4
2 5 10
4 1 3 3 7
4 50 14 23 8
20 3
3 4 6 8
2 5 10
4 1 3 5 5
5 3
3 6 4 8
2 10 6
4 7 3 1 7
6 5
3 1 1 1
4 1 1 1 1
4 1 1 1 1
3 1 1 1
2 1 1
6 1
4 1 2 3 4
200 20
20 1 2 3 4 5 6 7 8 9 10 11 12 13 14 15 16 17 18 19 20
20 1 2 3 4 5 6 7 8 9 10 11 12 13 14 15 16 17 18 19 20
20 1 2 3 4 5 6 7 8 9 10 11 12 13 14 15 16 17 18 19 20
20 1 2 3 4 5 6 7 8 9 10 11 12 13 14 15 16 17 18 19 20
20 1 2 3 4 5 6 7 8 9 10 11 12 13 14 15 16 17 18 19 20
20 1 2 3 4 5 6 7 8 9 10 11 12 13 14 15 16 17 18 19 20
20 1 2 3 4 5 6 7 8 9 10 11 12 13 14 15 16 17 18 19 20
20 1 2 3 4 5 6 7 8 9 10 11 12 13 14 15 16 17 18 19 20
20 1 2 3 4 5 6 7 8 9 10 11 12 13 14 15 16 17 18 19 20
20 1 2 3 4 5 6 7 8 9 10 11 12 13 14 15 16 17 18 19 20
20 1 2 3 4 5 6 7 8 9 10 11 12 13 14 15 16 17 18 19 20
20 1 2 3 4 5 6 7 8 9 10 11 12 13 14 15 16 17 18 19 20
20 1 2 3 4 5 6 7 8 9 10 11 12 13 14 15 16 17 18 19 20
20 1 2 3 4 5 6 7 8 9 10 11 12 13 14 15 16 17 18 19 20
20 1 2 3 4 5 6 7 8 9 10 11 12 13 14 15 16 17 18 19 20
20 1 2 3 4 5 6 7 8 9 10 11 12 13 14 15 16 17 18 19 20
20 1 2 3 4 5 6 7 8 9 10 11 12 13 14 15 16 17 18 19 20
20 1 2 3 4 5 6 7 8 9 10 11 12 13 14 15 16 17 18 19 20
20 1 2 3 4 5 6 7 8 9 10 11 12 13 14 15 16 17 18 19 20
20 1 2 3 4 5 6 7 8 9 10 11 12 13 14 15 16 17 18 19 20
200 20
20 1 2 3 24 5 6 7 8 9 10 11 12 13 14 15 16 17 18 19 20
20 1 2 3 4 5 6 7 8 9 10 11 12 13 14 15 16 17 18 19 20
20 1 2 3 4 15 6 7 8 9 10 11 12 13 14 15 16 17 18 19 20
20 1 2 3 4 5 6 7 8 9 10 11 12 13 14 15 16 17 18 19 20
20 1 2 3 14 5 6 7 8 9 10 11 12 13 14 15 16 17 18 19 20
20 1 2 3 4 5 6 7 8 9 10 11 12 13 14 15 16 17 18 19 20
20 1 2 33 4 5 6 7 8 9 10 11 12 13 14 15 16 17 18 19 20
20 1 2 3 4 5 6 7 8 9 10 11 12 13 14 15 16 17 18 19 20
20 1 2 3 4 5 6 7 8 9 10 11 12 13 14 15 16 17 18 19 20
20 1 42 3 4 5 6 47 8 9 10 11 12 13 14 15 16 17 18 19 20
20 1 2 3 4 5 6 7 8 9 10 11 12 13 14 15 16 17 18 19 20
20 1 2 3 74 5 36 7 8 39 10 11 12 13 14 15 16 17 18 19 20
20 1 2 3 4 5 6 7 8 9 10 11 12 13 14 15 16 17 18 19 20
20 51 2 3 4 5 6 87 8 9 10 11 12 13 14 15 16 17 18 19 20
20 1 2 13 4 5 6 7 48 9 10 11 12 13 14 15 16 17 18 19 20
20 1 2 3 4 5 26 7 8 9 10 11 12 13 14 15 16 17 18 19 20
20 1 2 3 4 5 26 7 8 9 10 11 12 13 14 15 16 17 18 19 20
20 1 2 23 4 5 6 77 8 9 10 11 12 13 14 15 16 17 18 19 20
20 1 62 3 4 5 6 7 8 9 10 11 12 13 14 15 16 17 18 19 20
20 1 2 3 4 5 86 7 8 9 10 11 12 13 14 15 16 17 18 19 20
